[10356.215850] [Project1] 6166 1587025229.879604831 1587025230.544414900
[10357.563575] [Project1] 6167 1587025231.180420307 1587025231.892138388
[10358.929664] [Project1] 6168 1587025232.555887831 1587025233.258228108
[10360.355122] [Project1] 6169 1587025233.940830571 1587025234.683667476
[10361.744882] [Project1] 6170 1587025235.366990533 1587025236.073446491
[10363.144855] [Project1] 6171 1587025236.751960110 1587025237.473419626
[10364.540512] [Project1] 6172 1587025238.158499675 1587025238.869076265
[10365.869076] [Project1] 6173 1587025239.523606441 1587025240.197640544
[10367.175155] [Project1] 6174 1587025240.849269405 1587025241.503721177
[10368.465883] [Project1] 6175 1587025242.147392391 1587025242.794448491
